0.0001420780405481361
-0.0008602549595565927
-0.0007182628382452202
-0.0008949358973002376
-0.001130779055936154
-0.0013782287692871021
-0.001618208742489111
-0.0018342885072392906
-0.0020096750925404985
-0.002127623871399326
-0.0021725261939345266
-0.002131092372787249
-0.0019934886614098486
-0.001754366341466127
-0.0014137252527852216
-0.0009775510064894354
-0.0004581277525474023
0.00012657772470645398
0.0007532252813512954
0.0013931742681063456
0.0020163351509878804
0.0025903445011529144
0.0030841554507488557
0.003469536004610983
0.003723684084787286
0.0038309076234002495
0.0037842434568232312
0.0035867233315746163
0.0032520374803769085
0.0028044431287626613
0.0022778968322778974
0.0017144716987265226
0.0011621180558101794
0.0006717885108545528
0.00029395067704452967
0.00007521051160553438
0.000054362056458155085
0.0002586205171964584
0.0007007904281142067
0.0013766758574111583
0.0022636712333297293
0.0033199927679944596
0.004485625379714512
0.005684151154018244
0.006825886889587372
0.007812227618269758
0.008540952141765229
0.00891219954709666
0.00883482835219093
0.008232849870656499
0.007051553207912661
0.00526284653947935
0.002869193164459501
-0.00009328178693932013
-0.0035540497573860927
-0.007408315633447028
-0.011520626437105325
-0.015728728315248134
-0.01985013952219468
-0.02369045947449038
-0.027052208037145673
-0.029744582178224836
-0.03159340371330819
-0.03245075986135138
-0.03220387481913742
-0.030782699720563463
-0.028165655065016254
-0.024383016348142224
-0.019517643418527596
-0.0137030739392082
-0.007120199412288596
0.000010747764158983138
0.007434429951919372
0.014881094882795728
0.022067041133178714
0.028713894599140255
0.034560205629693926
0.039372569255925124
0.04295691659818539
0.04516771722253289
0.04591482618946352
0.04516771722253289
0.04295691659818539
0.039372569255925124
0.034560205629693926
0.028713894599140255
0.022067041133178714
0.014881094882795728
0.007434429951919372
0.000010747764158983138
-0.007120199412288596
-0.0137030739392082
-0.019517643418527596
-0.024383016348142224
-0.028165655065016254
-0.030782699720563463
-0.03220387481913742
-0.03245075986135138
-0.03159340371330819
-0.029744582178224836
-0.027052208037145673
-0.02369045947449038
-0.01985013952219468
-0.015728728315248134
-0.011520626437105325
-0.007408315633447028
-0.0035540497573860927
-0.00009328178693932013
0.002869193164459501
0.00526284653947935
0.007051553207912661
0.008232849870656499
0.00883482835219093
0.00891219954709666
0.008540952141765229
0.007812227618269758
0.006825886889587372
0.005684151154018244
0.004485625379714512
0.0033199927679944596
0.0022636712333297293
0.0013766758574111583
0.0007007904281142067
0.0002586205171964584
0.000054362056458155085
0.00007521051160553438
0.00029395067704452967
0.0006717885108545528
0.0011621180558101794
0.0017144716987265226
0.0022778968322778974
0.0028044431287626613
0.0032520374803769085
0.0035867233315746163
0.0037842434568232312
0.0038309076234002495
0.003723684084787286
0.003469536004610983
0.0030841554507488557
0.0025903445011529144
0.0020163351509878804
0.0013931742681063456
0.0007532252813512954
0.00012657772470645398
-0.0004581277525474023
-0.0009775510064894354
-0.0014137252527852216
-0.001754366341466127
-0.0019934886614098486
-0.002131092372787249
-0.0021725261939345266
-0.002127623871399326
-0.0020096750925404985
-0.0018342885072392906
-0.001618208742489111
-0.0013782287692871021
-0.001130779055936154
-0.0008949358973002376
-0.0007182628382452202
-0.0008602549595565927
0.0001420780405481361
